%Dados dos polinômios dos termos da matriz de ganho.     

%t1 = pp00 + pp10*x + pp01*y + pp20*x^2 + pp11*x*y + pp02*y^2 + pp30*x^3 + pp21*x^2*y + pp12*x*y^2 + pp40*x^4 + pp31*x^3*y + pp22*x^2*y^2;

       pp00 =       1.792;
       pp01 =     0.05293;  
       pp02 =  -4.347e-05;
       pp20 =   -0.003316;
       pp21 =  -2.997e-05;
       pp22 =   4.784e-07;
       pp40 =    5.41e-07;
       
       %t2 = p00 + p10*x + p01*y + p20*x^2 + p11*x*y + p02*y^2 + p30*x^3 + p21*x^2*y + p12*x*y^2 + p40*x^4 + p31*x^3*y + p22*x^2*y^2;
      
       p00 =       1.275; 
       p01 =    0.001739;  
       p02 =   2.001e-05;  
       p20 =   -0.001137; 
       p21 =   3.313e-06;  
       p22 =   5.662e-08;  
       p40 =   1.397e-07;
       
       
